*农、林、牧、渔业(A)
**01 农业 
 000998
 002041
 300087
 300143
 300189
 600108
 600354
 600359
 600371
 600506
 600540
 600598
 601118
**02 林业
 000592
 000663
 002200
 002679
 600265
**03 畜牧业
 000735
 002234
 002299
 002321
 002458
 002477
 002505
 002714
 300106
 300313
 600965
 600975
**04 渔业
 000798
 002069
 002086
 002447
 002696
 300094
 600097
 600257
 600467
**05 农、林、牧、渔服务业
 000713
*采矿业(B)
**6 煤炭开采和洗选业
 000552
 000571
 000780
 000937
 000939
 000983
 002128
600121
 600123
 600157
 600188
 600348
 600395
 600397
 600403
 600508
 600652
 600714
 600971
 601001
 601088
 601101
 601225
 601666
 601699
 601898
 601918
 900948
**07 石油和天然气开采业
 600028
 600256
 601857
 **08 黑色金属矿采选业
 000409
 000629
 000655
 000762
 600193
 600532
 600882
 **09 有色金属矿采选业
 000426
 000603
 000688
 000693
 000697
 000758
 000975
 002155
 600139
 600259
 600311
 600489
 600497
 600547
 600711
 600766
 000813
 600988
 601168
 601899
 601958
 603993
**11 开采辅助活动
 002207
 002554
 002629
 002683
 300084
 300157
 300164
 300191
 600583
 601808
*制造业(C)
**13 农副食品加工业
 000048
 000529
 000639
 000702
 000860
 000876
 000893
 000895
 000911
 000972
 002100
 002124
 002143
 002157
 002220
 002286
 002311
 002330
 002385
 002515
 002548
 002557
 002567
 002582
 002604
 002695
 002702
 300138
 300175
 300268
 600095
 600127
 600191
 600251
 600438
 600695
 600737
 **14 食品制造业
 000716
 002216
 002329
 002481
 002495
 002507
 002570
 002626
 002650
 002661
 002719
 300146
 300149
 300381
 600073
 600186
 600298
 600305
 600419
 600429
 600597
 600866
 600872
 600873
 600887
 603288
**15 酒、饮料和精制茶制造业
 000019
 000557
 000568
 000596
 000729
 000752
 000799
 000848
 000858
 000869
 000929
 000995
 002304
 002387
 002461
 002646
 600059
 600084
 600090
 600132
 600197
 600199
 600300
 600365
 600519
 600543
 600559
 600573
 600600
 600616
 600702
 600779
 600809
 600962
**17 纺织业
 000018
 000158
 000611
 000726
 000779
 000803
 000810
 000850
 000955
 000971
 000982
 002015
 002034
 002042
 002070
 002072
 002083
 002087
 002144
 002193
 002293
 002327
 002394
 002397
 002516
 600061
 600070
 600152
 600156
 600220
 600232
 600273
 600370
 600448
 600483
 600493
 600630
 600689
 600851
 600987
 601339
 601599
 **18 纺织服装、服饰业
 002003
 002029
 002036
 002044
 002154
 002239
 002269
 002291
 002404
 002425
 002485
 002486
 002503
 002563
 002569
 002612
 002634
 002656
 002687
 300005
 600107
 600137
 600177
 600233
 600398
 600400
 601566
 601718
 603555
 **19 皮革、毛皮、羽毛及其制品和制鞋业
 002494
 002517
 002674
 600439
 600735
 603001
 **20 木材加工及木、竹、藤、棕、草制品业
 000910
 002043
 002240
 002259
 002354
 002631
 600189
 600321
 601996
 **21 家具制造业
 002174
 002489
 002572
 600337
 600978
 603008
 **22 造纸及纸制品业
 000488
 000576
 000815
 000820
 000833
 002012
 002067
 002078
 002228
 002235
 002303
 002511
 002521
 002565
 600069
 600103
 600163
 600235
 600308
 600356
 600433
 600462
 600567
 600793
 600963
 600966
 **23 印刷和记录媒介复制业
 000812
 002117
 002191
 002229
 002599
 600836
 601515
 **24 文教、工美、体育和娱乐用品制造业
 002103
 002292
 002301
 002348
 002502
 002575
 002605
 002678
 300043
 300329
 **25 石油加工、炼焦及核燃料加工业
 000059
 000637
 000698
 000723
 000819
 000835
 000968
 002377
 600179
 600281
 600333
 600688
 600721
 600725
 600740
 600792
 600997
 601011
 **26 化学原料及化学制品制造业
 000155
 000407
 000422
 000510
000523
 000525
 000545
 000553
 000565
 000627
 000635
 000662
 000683
 000707
 000731
 000737
 000755
 000792
 000818
 000822
 000830
 000902
 000912
 000930
 000950
 000953
 000985
 000990
 002002
 002004
 002010
 002018
 002037
 002053
 002054
 002057
 002061
 002068
 002092
 002094
 002096
 002109
 002125
 002136
 002145
 002165
 002167
 002170
 002192
 002211
 002215
 002217
 002226
 002246
 002250
 002256
 002258
002274
 002319
 002326
 002341
 002360
 002361
 002386
 002391
 002407
 002408
 002409
 002411
 002440
 002442
 002453
 002455
 002466
 002470
 002476
 002496
 002497
 002513
 002538
 002539
 002562
 002568
 002581
 002584
 002588
 002591
 002597
 002601
 002632
 002637
 002643
 002648
 002666
 002669
 002709
 300019
 300037
 300041
 300054
 300063
 300067
 300072
 300082
 300107
 300108
 300109
 300121
 300132
 300135
300174
 300192
 300200
 300214
 300225
 300236
 300243
 300261
 300285
 300343
 600075
 600078
 600091
 600096
 600135
 600141
 600146
 600160
 600226
 600227
 600228
 600229
 600230
 600249
 600277
 600299
 600301
 600309
 600315
 600319
 600328
 600339
 600352
 600367
 600378
 600389
 600409
 600423
 600426
 600470
 600481
 600486
 600500
 600538
 600589
 600596
 600599
 600618
 600636
 600691
 600722
 600727
 600731
600746
 600769
 600796
 600803
 600844
 600985
 601208
 601216
 601678
 603002
 603077
 **27 医药制造业
 000004
 000153
 000403
 000423
 000513
 000518
 000538
 000566
 000590
 000597
 000605
 000606
 000623
 000650
 000661
 000739
 000756
 000766
 000788
 000915
 000919
 000952
 000989
 000999
 002001
 002007
 002019
 002020
 002022
 002030
 002038
 002099
 002107
 002118
 002166
 002198
 002219
 002252
 002275
 002287
 002294
002317
 002332
 002349
 002365
 002370
 002390
 002393
 002399
 002412
 002422
 002424
 002433
 002437
 002550
 002566
 002603
 002644
 002653
 002675
 002688
 002693
 300006
 300009
 300016
 300026
 300039
 300049
 300086
 300110
 300119
 300122
 300142
 300147
 300158
 300181
 300186
 300194
 300199
 300204
 300233
 300239
 300254
 300255
 300267
 300289
 300294
 300357
 300363
 600056
 600062
 600079
 600080
 600085
600129
 600161
 600195
 600196
 600201
 600216
 600222
 600252
 600267
 600276
 600285
 600297
 600329
 600332
 600351
 600380
 600385
 600420
 600421
 600422
 600436
 600466
 600479
 600488
 600513
 600518
 600521
 600530
 600535
 600556
 600557
 600566
 600568
 600572
 600594
 600613
 600614
 600664
 600666
 600671
 600750
 600771
 600781
 600789
 600812
 600829
 600867
 **28 化学纤维制造业
 000420
 000584
 000615
 000677
 000687
 000703
000782
 000936
 000949
 000976
 002064
 002127
 002172
 002206
 002254
 002427
 002493
 600063
 600527
 600810
 600871
 600889
 601113
 601233
 **29 橡胶和塑料制品业
 000509
 000589
 000599
 000619
 000659
 000859
 000887
 000973
 002014
 002108
 002224
 002243
 002263
 002324
 002343
 002372
 002381
 002382
 002395
 002420
 002450
 002464
 002522
 002585
 002641
 002676
 002694
 300021
 300031
 300169
 300180
 300198
 300218
 300221
 300230
**29 橡胶和塑料制品业
 300305
 300320
 300321
 300325
 300375
 600074
 600143
 600155
 600182
 600210
 600444
 600458
 600469
 600623
 601058
 **30 非金属矿物制品业
 000012
 000023
 000401
 000519
 000546
 000672
 000786
 000789
 000795
 000877
 000885
 000928
 000935
 002066
 002080
 002088
 002102
 002162
 002201
 002205
 002225
 002233
 002271
 002297
 002302
 002346
 002392
 002457
 002571
 002596
 002619
 002623
 002624
 002671
 300064
 300073
 300080
 300089
300093
 300160
 300179
 300196
 300224
 300234
 300344
 600145
 600172
 600176
 600217
 600291
 600293
 600318
 600381
 600425
 600449
 600516
 600529
 600539
 600552
 600585
 600586
 600629
 600634
 600660
 600668
 600678
 600720
 600801
 600802
 600819
 600876
 600881
 600883
 601012
 601636
 601992
 **31 黑色金属冶炼及压延加工业
 000708
 000709
 000717
 000761
 000825
 000898
 000932
 000959
 002075
 002110
 600005
 600010
 600019
 600022
 600117
600126
 600231
 600282
 600295
 600307
 600390
 600399
 600408
 600507
 600569
 600581
 600608
 600782
 600808
 601003
 601005
 **32 有色金属冶炼和压延加工业
 000060
 000511
 000612
 000630
 000657
 000751
 000807
 000831
 000878
 000933
 000960
 000962
 002082
 002114
 002149
 002160
 002171
 002182
 002203
 002237
 002295
 002333
 002378
 002379
 002428
 002460
 002501
 002540
 002578
 002716
 300034
 300057
 300337
 600111
 600206
 600219
 600255
600331
 600338
 600362
 600392
 600432
 600456
 600459
 600490
 600531
 600549
 600595
 600768
 600961
 601137
 601388
 601600
 601677
 603399
 **33 金属制品业
 000039
 000055
 000778
 000790
 000890
 000969
 002026
 002032
 002071
 002084
 002132
 002150
 002318
 002342
 002352
 002359
 002374
 002384
 002403
 002443
 002444
 002445
 002478
 002487
 002514
 002541
 002545
 002547
 002615
 002652
 002701
 300328
 300345
 600114
 600165
600558
 600673
 600992
 601028
 601700
 **34 通用设备制造业
 000404
 000410
 000530
 000570
 000595
 000617
 000678
 000757
 000777
 000811
 000816
 000837
 000862
 000880
 000903
 000908
 002009
 002011
 002046
 002050
 002122
 002131
 002147
 002152
 002158
 002164
 002197
 002202
 002248
 002255
 002266
 002270
 002272
 002282
 002347
 002366
 002367
 002418
 002438
 002468
 002472
 002480
 002483
 002520
 002523
 002529
 002530
 002532
**34 通用设备制造业
 002534
 002537
 002552
 002553
 002559
 002598
 002630
 002633
 002639
 002685
 002686
 002689
 300004
 300024
 300090
 300091
 300097
 300126
 300145
 300154
 300161
 300185
 300193
 300202
 300257
 300260
 300263
 300266
 300280
 300362
 600218
 600243
 600416
 600475
 600592
 600619
 600765
 600806
 600835
 600841
 600875
 600894
 601002
 601177
 601313
 601558
 601727
 603699
 **35 专用设备制造业
 000010
 000157
000425
 000528
 000622
 000666
 000680
 000821
 000852
 000856
 000923
 000925
 002006
 002008
 002021
 002031
 002073
 002097
 002111
 002177
 002190
 002196
 002204
 002209
 002223
 002278
 002323
 002337
 002353
 002423
 002430
 002432
 002435
 002459
 002490
 002499
 002509
 002526
 002535
 002551
 002564
 002595
 002611
 002613
 002614
 002621
 002645
 002651
 002667
 002680
 002690
 002691
 002698
 002722
 300003
300023
 300029
 300030
 300035
 300045
 300056
 300092
 300095
 300099
 300103
 300130
 300151
 300156
 300159
 300171
 300173
 300195
 300201
 300206
 300210
 300216
 300228
 300238
 300246
 300249
 300273
 300276
 300278
 300281
 300293
 300298
 300307
 300308
 300314
 300316
 300318
 300326
 300334
 300358
 300368
 300382
 600031
 600055
 600169
 600184
 600262
 600302
 600320
 600343
 600346
 600388
 600499
 600526
**35 专用设备制造业
 600560
 600579
 600582
 600587
 600610
 600710
 600761
 600815
 600843
 600855
 600860
 600879
 600970
 600984
 601038
 601100
 601106
 601218
 601268
 601608
 601717
 601798
 601908
 603308
 **36 汽车制造业
 000030
 000338
 000550
 000559
 000572
 000581
 000625
 000700
 000710
 000760
 000800
 000868
 000927
 000951
 000957
 000980
 002048
 002085
 002101
 002126
 002213
 002265
 002283
 002284
 002328
 002355
 002363
 002406
 002434
**36 汽车制造业
 002448
 002454
 002488
 002510
 002536
 002555
 002590
 002592
 002593
 002594
 002602
 002625
 002662
 002664
 002703
 002708
 002715
 002725
 300100
 300176
 300237
 300258
 300304
 600006
 600066
 600081
 600093
 600104
 600148
 600166
 600178
 600213
 600303
 600375
 600418
 600480
 600501
 600523
 600609
 600654
 600686
 600698
 600699
 600715
 600741
 600742
 600760
 600960
 601238
 601633
 601777
 601799
 601965
 **37 铁路、船舶、航空航天和其它运输设备制造业
 000017
 000738
 000768
 000901
 000913
 000920
 001696
 002013
 002023
 002105
 002608
 300011
 300123
 600038
 600072
 600099
 600150
 600316
 600372
 600391
 600495
 600679
 600685
 600818
 600877
 600893
 600967
 601299
 601766
 601890
 601989
 603766
 **38 电气机械及器材制造业
 000049
 000070
 000333
 000400
 000418
 000521
 000533
 000541
 000585
 000633
 000651
 000676
 000682
 000806
 000836
 000921
 000922
 000967
 002005
002028
 002035
 002056
 002074
 002076
 002090
 002112
 002123
 002129
 002139
 002141
 002168
 002169
 002176
 002180
 002184
 002212
 002218
 002227
 002242
 002249
 002260
 002276
 002290
 002298
 002300
 002309
 002322
 002334
 002335
 002339
 002350
 002358
 002364
 002380
 002413
 002451
 002452
 002471
 002473
 002491
 002498
 002508
 002518
 002527
 002531
 002533
 002543
 002546
 002560
 002576
 002580
 002606
002610
 002616
 002617
 002622
 002638
 002647
 002665
 002668
 002670
 002677
 002684
 002692
 002705
 002706
 002723
 300001
 300014
 300018
 300032
 300040
 300048
 300062
 300068
 300069
 300105
 300120
 300124
 300129
 300140
 300141
 300152
 300153
 300207
 300208
 300217
 300222
 300242
 300247
 300252
 300265
 300272
 300274
 300279
 300283
 300317
 300341
 300342
 300356
 300372
 300376
 600089
600105
 600110
 600112
 600192
 600202
 600261
 600268
 600290
 600312
 600336
 600379
 600468
 600478
 600482
 600487
 600517
 600520
 600522
 600537
 600550
 600577
 600580
 600590
 600651
 600690
 600847
 600854
 600869
 600884
 600885
 600973
 600983
 601126
 601179
 601311
 601369
 601616
 601877
 603333
 603366
 **39 计算机、通信和其他电子设备制造业
 000016
 000020
 000021
 000032
 000035
 000050
 000063
 000066
 000068
 000100
 000413
 000536
 000547
 000561
 000586
 000636
 000725
 000727
 000733
 000748
 000801
 000823
 000938
 000970
 000977
 000988
 002017
 002025
 002027
 002045
 002049
 002052
 002055
 002079
 002089
 002104
 002106
 002115
 002119
 002130
 002134
 002137
 002138
 002151
 002156
 002161
 002179
 002185
 002188
 002189
 002194
 002199
 002214
 002222
 002231
 002236
 002241
 002273
 002281
 002288
 002289
 002296
 002308
 002312
 002313
 002351
 002362
 002369
 002371
 002376
 002383
 002388
 002389
 002396
 002402
 002414
 002415
 002417
 002426
 002429
 002436
 002446
 002449
 002456
 002463
 002465
 002475
 002484
 002504
 002506
 002512
 002519
 002528
 002577
 002579
 002583
 002587
 002600
 002618
 002635
 002636
 002654
 002655
 002660
 002681
 300028
 300038
 300042
 300046
 300053
 300065
 300076
 300077
 300078
 300079
 300083
 300088
 300101
 300102
 300111
 300114
 300115
 300118
 300127
 300128
 300131
 300134
 300136
 300139
 300155
 300162
 300177
 300205
 300211
 300213
 300219
 300220
 300223
 300227
 300232
 300241
 300250
 300256
 300269
 300270
 300282
 300292
 300296
 300301
 300303
 300319
 300322
 300323
 300327
 300331
 300340
 300346
 300351
 300353
 300367
 300373
 600060
 600076
 600083
 600100
 600118
 600130
 600151
 600171
 600183
 600198
 600234
 600237
 600271
 600288
 600330
 600345
 600353
 600355
 600360
 600363
 600366
 600401
 600405
 600435
 600460
 600485
 600498
 600525
 600562
 600563
 600584
 600601
 600602
 600667
 600680
 600703
 600707
 600775
 600776
 600800
 600839
 600870
 600888
 600980
 600990
 601231
 603005
 **40 仪器仪表制造业
 000607
 002058
 002121
 002175
 002338
 002356
 002658
 300007
 300066
 300112
 300137
 300165
 300203
 300259
 300286
 300306
 300309
 300338
 300349
 300354
 300360
 300370
 300371
 600071
 600848
 601222
 601567
 **41 其他制造业
 000587
 002098
 002120
 002173
 002247
 002345
 002574
 002718
 002721
 300061
 300116
 300163
 600086
 600612
 600687
 **42 废弃资源综合利用业
 002340
*电力、热力、燃气及水生产和供应业(D)
**44 电力、热力生产和供应业
000027
 000037
 000301
 000531
 000539
 000543
 000600
 000601
 000690
 000692
 000695
 000720
 000722
 000767
 000791
 000875
 000883
 000899
 000958
 000966
 000993
 001896
 002039
 002479
 300335
 600011
600021
 600023
 600027
 600098
 600101
 600116
 600131
 600167
 600236
 600310
 600396
 600452
 600505
 600509
 600578
 600644
 600674
 600719
 600726
 600744
 600758
 600780
 600795
 600863
 600864
 600868
 600886
 600900
 600969
 600979
 600982
 600995
 601991
 **45 燃气生产和供应业
 000669
 002267
 002700
 600207
 600617
 600635
 600642
 601139
 **46 水的生产和供应业
 000544
 000598
 000685
 600008
 600168
 600187
 600283
 600323
 600461
 600874
 601158
 601199
*建筑业(E)
**47 房屋建筑业
 000628
**48 土木工程建筑业
 000065
 000090
 000498
 000961
 002051
 002060
 002062
 002135
 002140
 002307
 002310
 002431
 002542
 002586
 002628
 002659
 002663
 002717
 300055
 300197
 300262
 300355
 600039
 600068
 600133
 600170
 600248
 600284
 600326
 600463
 600491
 600502
 600512
 600528
 600545
 600820
 600846
 600853
 600986
 601117
 601186
 601390
 601618
 601668
 601669
 601789
 601800
 **49 建筑安装业
 000931
 **50 建筑装饰和其他建筑业
 002047
002081
 002163
 002314
 002325
 002375
 002482
 002524
 002620
 002713
 300117
 600209
 600477
 600496
 600681
 601886
*批发和零售业(F)
**51 批发业
 000025
 000028
 000045
 000096
 000151
 000159
 000408
 000411
 000554
 000594
 000626
 000632
 000638
 600734
 000652
 000701
 000705
 000829
 000906
 000996
 002091
 002221
 002262
 002416
 002441
 002462
 002589
 300184
 600051
 600058
 600113
 600120
 600128
 600136
 600153
 600175
 600180
 600203
 600211
 600241
 600247
 600250
 600278
 600287
 600313
 600335
 600382
 600387
 600511
 600546
 600576
 600605
 600626
 600648
 600677
 600739
 600753
 600755
 600759
 600811
 600822
 600826
 600892
 600981
 600993
 600998
 603003
 **52 零售业
 000026
 000078
 000416
 600656
 000417
 000419
 000501
 000516
 000560
 000564
 000591
 000593
 000679
 000715
 000753
 000759
 000785
 000851
 000889
 000963
 000987
 002024
 002187
 002251
 002264
 002277
 002336
 002419
 002556
 002561
 002607
 002640
 002697
 300022
 300081
 600122
 600272
 600280
 600306
 600327
 600361
 600386
 600515
 600628
 600653
 600655
 600682
 600693
 600694
 600697
 600704
 600712
 600713
 600723
 600729
 600738
 600774
 600778
 600785
 600814
 600821
 600824
 600827
 600828
 600830
 600833
 600838
 600856
 600857
 600858
 600859
 600861
 600865
 600891
 600898
 600976
 601010
 601116
 601258
 601607
 601933
 603123
*交通运输、仓储和邮政业(G)
**53 铁路运输业
 600125
 601006
 601333
 **54 道路运输业
 000088
 000429
 000548
 000828
 000900
 000916
 002357
 002627
 002682
 600012
 600020
 600033
 600035
 600106
 600119
 600269
 600350
 600368
 600377
 600548
 600561
 600611
 600650
 600662
 600676
 600708
 600834
 601107
 601188
 601518
 **55 水上运输业
 000022
 000507
 000520
 000582
 000905
 002040
 002320
 600017
 600018
 600026
 600087
 600190
 600242
 600279
**55 水上运输业
 600317
 600428
 600575
 600692
 600717
 600751
 600798
 600896
 601000
 601008
 601018
 601866
 601872
 601880
 601919
 603167
 **56 航空运输业
 000089
 000099
 600004
 600009
 600029
 600115
 600221
 600270
 600897
 601111
 **58 装卸搬运和运输代理业
 002245
 603128
 **59 仓储业
 002492
 002711
 300013
 300240
 300350
 600787
 600794
*住宿和餐饮业(H) 
**61 住宿业
 000007
 000008
 000033
 000428
 000524
 000613
 600754
 601007
**62 餐饮业
 000721
 000796
 002186
 002306
*信息传输、软件和信息技术服务业(I)
**63 电信、广播电视和卫星传输服务
 000839
 000892
 000917
 002238
300288
 300310
 600037
 600050
 600637
 600831
 601929
 **64 互联网和相关服务
 000503
 002095
 002315
 002439
 002467
 300059
 300104
 300113
 300226
 300295
 300383
 600804
 603000
 **65 软件和信息技术服务业
 000555
 000681
 000948
 000997
 002063
 002065
 002093
 002148
 002153
 002195
 002230
 002232
 002253
 002261
 002268
 002279
 002280
 002316
 002331
 002368
 002373
 002401
 002405
 002410
 002421
 002474
 002544
 002609
 002642
 002649
 002657
 300002
 300010
 300017
 300020
 300025
 300033
 300036
 300044
 300047
 300050
 300051
 300052
 300074
 300075
 300085
 300096
 300098
 300150
 300166
 300167
 300168
 300170
 300182
 300183
 300188
 300209
 300212
 300229
 300231
 300235
 300245
 300248
 300253
 300264
 300271
 300275
 300277
 300287
 300290
 300297
 300299
 300300
 300302
 300311
 300312
 300315
 300324
 300330
 300333
 300339
 300348
 300352
 300359
 300365
 300366
 300369
 300377
 300378
 300379
 300380
 600289
 600406
 600410
 600446
 600476
 600536
 600570
 600571
 600588
 600770
 600718
 600728
 600756
 600764
 600797
 600845
 600850
 601519
*金融业(J)
**66 货币金融服务
 000001
 002142
 600000
 600015
 600016
 600036
 601009
 601166
 601169
 601288
 601328
 601398
 601818
 601939
 601988
 601998
 **67 资本市场服务
 000562
 000686
 000712
 000728
 000750
 000776
 000783
 002500
 002673
 600030
 600109
 600369
 600837
 600999
 601099
 601377
 601555
 601688
 601788
 601901
 **68 保险业
 601318
 601336
 601601
 601628
 **69 其他金融业
 000563
 600643
 600705
 600816
*房地产业(K)
**70 房地产业
 000002
 000005
 000006
 000011
 000014
 000024
 000029
 000031
 000036
 000038
 000040
 000042
 000043
 000046
 000056
 000150
 000402
 000502
 000505
 000506
 000514
 000517
 000526
 000534
 000537
 000540
 000558
 000567
 000573
 000608
 000609
 000616
 000620
 000631
 000656
 000667
 000668
 000670
 000671
 000691
 000711
 000718
 000732
 000736
 000797
 000838
 000863
 000882
 000886
 000897
 000918
 000926
 000965
 000979
 000981
 002016
 002077
 002113
 002133
 002146
 002208
 002244
 002285
 002305
 600007
 600048
 600052
 600053
 600064
 600067
 600077
 600094
 600158
 600159
 600162
 600173
 600185
 600208
 600215
 600223
 600225
 600239
 600240
 600246
 600266
 600275
 600322
 600325
 600238
 600340
 600376
 600383
 600393
 600503
 600510
 600533
 600555
 600565
 600604
 600606
 600615
 600621
 600622
 600638
 600639
 600641
 600647
 600649
 600657
 600658
 600663
 600665
 600675
 600683
 600684
 600696
 600716
 600724
 600730
 600732
 600733
 600736
 600743
 600745
 600747
 600748
 600767
 600773
 600791
 600807
 600823
 600862
 600890
 601588
*租赁和商务服务业(L)
**71 租赁业
 000415
**72 商务服务业
 000058
 000061
 000062
 000861
 002181
 002183
 002210
 002344
 002400
 002707
 002712
 300058
 300071
 300178
 600057
 600138
 600258
 600358
 600415
 600640
 600790
 601888
*科学研究和技术服务业(M) 
**73 研究和试验发展
 600645
 **74 专业技术服务业
 002116
 002178
 002398
 002469
 300008
 300012
 300125
 300215
 300284
 300332
*水利、环境和公共设施管理业(N) 
**77 生态保护和环境治理业
 000826
 002549
 002573
 002672
 300070
 300172
 300187
 300190
 600292
 **78 公共设施管理业
 000069
 000430
 000610
 000802
 000809
 000888
 000978
 002033
 002059
 002159
 002558
 300144
 600054
 600593
 600706
 600749
 600832
*教育(P) 
**82 教育 
600661
*卫生和社会工作(Q)
**83 卫生 
300015
 300244
 300347
 600763
*文化、体育和娱乐业(R) 
**85 新闻和出版业
 000504
 000719
 000793
 300148
 600373
 600551
 600633
 600757
 600825
 600880
 601098
 601801
 601928
 601999
 **86 广播、电视、电影和影视录音制作业
 000156
 000665
 300027
 300133
 300251
 300291
 300336
 600088
 **87 文化艺术业
 000673
 002699
*综合(S)
**90 综合
 000009
 000034
 000421
 000532
 000551
 000881
 000909
 600082
 600149
 600212
 600260
 600455
 600603
 600620
 600624
 600701
 600777
 600783
 600805
 600200
 600784
 600817
600895